cores,tasks,user,system,elapsed,cpu,avMemory,involuntaryContextSwitch,voluntaryContextSwitch,faults,inputs,outputs,socketsIn,socketsOut,exitStatus
1,1,33.66,1.10,40.16,86%,0,1169,29465,0,0,224,0,0,0
4,4,36.05,1.36,40.27,92%,0,1752,34333,0,0,456,0,0,0
8,8,36.84,1.22,40.14,94%,0,2094,37355,0,0,744,0,0,0
16,16,40.74,1.41,45.22,93%,0,3488,43459,0,0,1120,0,0,0
32,32,45.60,1.57,45.11,104%,0,4794,48494,0,0,2120,0,0,0
64,64,50.43,2.31,50.29,104%,0,10221,60235,0,0,4088,0,0,0
128,128,62.25,2.89,55.25,117%,0,16905,88579,0,0,7840,0,0,0
256,256,80.98,4.52,60.35,141%,0,34583,132737,0,0,15608,0,0,0
512,512,104.62,7.97,80.57,139%,0,66657,236212,0,0,30912,0,0,0
1024,1024,143.25,14.32,130.31,120%,0,96379,455006,0,256,61744,0,0,0
2048,2048,Command exited with non-zero status 1
151.74,14.05,115.29,143%,0,113149,436948,0,480,65072,0,0,1
4096,4096,Command exited with non-zero status 255
1450.11,29.02,335.88,440%,0,330403,839192,0,760,140328,0,0,255
8192,8192,