cores,tasks,user,system,elapsed,cpu,avMemory,involuntaryContextSwitch,voluntaryContextSwitch,faults,inputs,outputs,socketsIn,socketsOut,exitStatus
1,1,34.90,1.20,35.35,102%,0,1628,27246,0,0,344,0,0,0
4,4,33.54,1.28,35.08,99%,0,1612,31500,0,0,480,0,0,0
8,8,34.85,1.26,35.35,102%,0,1835,33031,0,0,600,0,0,0
16,16,36.56,1.23,35.13,107%,0,2829,36231,0,0,640,0,0,0
32,32,40.45,1.37,35.24,118%,0,3473,38142,0,0,1120,0,0,0
64,64,45.34,1.56,40.22,116%,0,6704,46211,0,0,2072,0,0,0
128,128,50.71,2.21,50.21,105%,0,10625,62553,0,0,4032,0,0,0
256,256,63.42,2.93,45.44,146%,0,23168,78461,0,0,7920,0,0,0
512,512,76.98,4.60,50.28,162%,0,42387,129486,0,0,15584,0,0,0
1024,1024,112.48,7.79,80.30,149%,0,84801,235918,0,64,30976,0,0,0
2048,2048,Command exited with non-zero status 1
148.93,14.03,125.27,130%,0,102560,400959,0,416,61816,0,0,1
4096,4096,Command exited with non-zero status 1
290.46,26.66,300.21,105%,0,191183,827784,0,768,123104,0,0,1
8192,8192,