cores,tasks,user,system,elapsed,cpu,avMemory,involuntaryContextSwitch,voluntaryContextSwitch,faults,inputs,outputs,socketsIn,socketsOut,exitStatus
1,1,14.19,0.29,12.53,115%,0,352,4416,9,0,496,0,0,0
4,4,12.28,0.32,12.30,102%,0,218,4867,9,0,456,0,0,0
8,8,14.80,0.28,12.57,119%,0,560,5054,9,0,536,0,0,0
16,16,13.46,0.34,7.73,178%,0,569,5297,9,280,680,0,0,0
32,32,16.80,0.56,12.64,137%,0,1141,6852,9,0,976,0,0,0
64,64,16.82,0.54,12.45,139%,0,1392,7535,9,8,1584,0,0,0
128,128,19.78,0.69,22.41,91%,0,1940,11015,9,8,2760,0,0,0
256,256,26.94,0.95,32.53,85%,0,3760,15423,9,0,5128,0,0,0
512,512,33.68,1.72,47.33,74%,0,7637,22146,9,40,9968,0,0,0
1024,1024,Command exited with non-zero status 1
16.00,0.70,3.71,450%,0,3429,11674,3,128,584,0,0,1
2048,2048,Command exited with non-zero status 1
16.20,0.71,3.76,448%,0,2335,10595,3,24,664,0,0,1
4096,4096,Command exited with non-zero status 1
16.08,0.73,3.94,426%,0,3974,12285,3,48,424,0,0,1
8192,8192,Command exited with non-zero status 1
15.28,0.76,3.56,450%,0,3278,10425,3,24,584,0,0,1
9600,9600,Command exited with non-zero status 1
15.37,0.56,3.51,453%,0,3358,11129,3,400,528,0,0,1
