cores,tasks,user,system,elapsed,cpu,avMemory,involuntaryContextSwitch,voluntaryContextSwitch,faults,inputs,outputs,socketsIn,socketsOut,exitStatus
1,1,17.23,1.81,43.43,43%,0,13374,22016,0,0,0,0,0,0
2,2,17.34,1.85,48.51,39%,0,13543,22924,0,0,0,0,0,0
4,4,18.53,1.94,58.54,34%,0,14012,26194,0,0,0,0,0,0
8,8,18.83,1.99,73.46,28%,0,14811,31144,0,0,0,0,0,0
16,16,20.77,2.21,97.47,23%,0,22750,37977,0,0,0,0,0,0
32,32,24.72,2.67,203.27,13%,0,20661,69742,0,0,0,0,0,0
64,64,31.03,3.51,374.71,9%,0,24310,119617,0,0,0,0,0,0
128,128,32.70,3.89,354.30,10%,0,26198,129403,0,0,0,0,0,0
256,256,37.04,4.83,363.25,11%,0,30826,164597,0,0,0,0,0,0
